50
00
00000000000000000000000000000000000000000000000000
00000000000000000000000000000000000000000000000000
00000000000000000000000000000000000000000000000000
00000000000000000000000000000000000000000000000000
00000000000000000000000000000000000000000000000000
00000000000000000000000000000000000000000000000000
00000000000000000000000000000000000000000000000000
00000000000000000000000000000000000000000000000000
00000000000000000000000000000000000000000000000000
00000000000000000000000000000000000000000000000000
00000000000000000000000000000000000000000000000000
00000000000000000000000000000000000000000000000000
00000000000000000000000000000000000000000000000000
00000000000000000000000000000000000000000000000000
00000000000000000000000000000000000000000000000000
00000000000000000000000000000000000000000000000000
00000000000000000000000000000000000000000000000000
00000000000000000000000000000000000000000000000000
00000000000000000000000000000000000000000000000000
00000000000000000000000000000000000000000000000000
00000000000000000000000000000000000000000000000000
00000000000000000000000000000000000000000000000000
00000000000000000000000000000000000000000000000000
00000000000000000000000000000000000000000000000000
00000000000000000000000000000000000000000000000000
00000000000000000000000000000000000000000000000000
00000000000000000000000000000000000000000000000000
00000000000000000000000000000000000000000000000000
00000000000000000000000000000000000000000000000000
00000000000000000000000000000000000000000000000000
00000000000000000000000000000000000000001100000000
00000000000000000000000000001001000000001100000000
00000000000000000000000000000110000000000000000000
00000000000000000000000000000000000000000000000000
00000000000000000000000000000000000000010010000000
00000000000000000110000000110000110011010010110000
00000000000000000110000000111001110000110011000000
00000000000000001001000000000110000000000000000000
00000001100000011111100000010000100000011110000000
00000001100000011001100000100000010000111111000000
00000000000000010000100000000110000000000000000000
00000011110000000000000000011001100000011110000000
00000110011000010000100000000110000000001100000000
00001000000100010110100000000000000000000000000000
00000000000000001001000000000000000000000000000000
00001000000100000000000000000000000000000000000000
00001010010100001111000000000000000000000000000000
00000001100000000000000000000000000000000000000000
00000001100000000000000000000000000000000000000000
00000110011000000000000000000000000000000000000000